010000010001011001000100011000000101000000000000000000011111111
001111101001001100000100011000000101000000000000000000011111111
001111000001010001000100001000000101000000000000000000011111111
001110101001001111000100110000000101000000000000000000011111111
010000000001011100000100011000000101000000000000000000011111111
010001010001100011000101011000001010000000000000000000011111111
001110101001010111000100011000000111000000000000000000011111111
010000000001010111000100110000000101000000000000000000011111111
001110000001001010000100011000000101000000000000000000011111111
001111101001001111000100110000000010000000000000000000011111111
010001010001011110000100110000000101000000000000000000011111111
001111010001010111000101000000000101000000000000000000011111111
001111010001001100000100011000000010000000000000000000011111111
001101110001001100000011100000000010000000000000000000011111111
010010100001100110000011110000000101000000000000000000011111111
010010001001110000000100110000001010000000000000000000011111111
010001010001100011000100001000001010000000000000000000011111111
010000010001011001000100011000000111000000000000000000011111111
010010001001100001000101011000000111000000000000000000011111111
010000010001100001000100110000000111000000000000000000011111111
010001010001010111000101011000000101000000000000000000011111111
010000010001011110000100110000001010000000000000000000011111111
001110101001011100000011001000000101000000000000000000011111111
010000010001010100000101011000001100000000000000000000011111111
001111010001010111000110000000000101000000000000000000011111111
010000000001001100000101000000000101000000000000000000011111111
010000000001010111000101000000001010000000000000000000011111111
010000101001011001000100110000000101000000000000000000011111111
010000101001010111000100011000000101000000000000000000011111111
001111000001010001000101000000000101000000000000000000011111111
001111010001001111000101000000000101000000000000000000011111111
010001010001010111000100110000001010000000000000000000011111111
010000101001101000000100110000000010000000000000000000011111111
010001100001101011000100011000000101000000000000000000011111111
001111101001001111000100110000000101000000000000000000011111111
010000000001010001000011110000000101000000000000000000011111111
010001100001011001000100001000000101000000000000000000011111111
001111101001011100000100011000000010000000000000000000011111111
001110000001001100000100001000000101000000000000000000011111111
010000010001010111000100110000000101000000000000000000011111111
010000000001011001000100001000000111000000000000000000011111111
001110011000111010000100001000000111000000000000000000011111111
001110000001010001000100001000000101000000000000000000011111111
010000000001011001000101000000001111000000000000000000011111111
010000010001100001000110000000001010000000000000000000011111111
001111010001001100000100011000000111000000000000000000011111111
010000010001100001000101000000000101000000000000000000011111111
001110101001010001000100011000000101000000000000000000011111111
010000111001011110000100110000000101000000000000000000011111111
010000000001010100000100011000000101000000000000000000011111111
010110011001010001001111000000100011000000000000000000011111111
010100011001010001001110011000100110000000000000000000011111111
010110000001001111001111101000100110000000000000000000011111111
010001100000111010001100110000100001000000000000000000011111111
010100110001000111001110101000100110000000000000000000011111111
010010001001000111001110011000100001000000000000000000011111111
010100001001010100001111000000101000000000000000000000011111111
001111101000111101001010100000011001000000000000000000011111111
010101000001001010001110101000100001000000000000000000011111111
010000101001000101001100011000100011000000000000000000011111111
010000000000110011001011001000011001000000000000000000011111111
010010111001001100001101011000100110000000000000000000011111111
010011001000111000001100110000011001000000000000000000011111111
010011100001001010001111000000100011000000000000000000011111111
010001111001001010001011100000100001000000000000000000011111111
010101011001001111001110000000100011000000000000000000011111111
010001111001001100001110011000100110000000000000000000011111111
010010100001000101001101000000011001000000000000000000011111111
010011110000111000001110011000100110000000000000000000011111111
010001111001000000001100011000011100000000000000000000011111111
010010111001010001001111010000101110000000000000000000011111111
010011100001000111001100110000100001000000000000000000011111111
010100001001000000001111101000100110000000000000000000011111111
010011100001000111001111000000011110000000000000000000011111111
010100011001001010001101110000100001000000000000000000011111111
010101000001001100001110000000100011000000000000000000011111111
010101110001000111001111010000100011000000000000000000011111111
010101011001001100010000000000101011000000000000000000011111111
010011001001001010001110011000100110000000000000000000011111111
010010001001000010001011001000011001000000000000000000011111111
010001100000111101001100001000011100000000000000000000011111111
010001100000111101001011110000011001000000000000000000011111111
010010100001000101001100011000011110000000000000000000011111111
010011001001000101010000010000101000000000000000000000011111111
010001010001001100001110011000100110000000000000000000011111111
010011001001010111001110011000101000000000000000000000011111111
010101011001001111001111000000100110000000000000000000011111111
010100001000111010001110000000100001000000000000000000011111111
010001111001001100001101000000100001000000000000000000011111111
010001100001000000001100110000100001000000000000000000011111111
010001100001000010001110000000011110000000000000000000011111111
010011100001001100001110101000100011000000000000000000011111111
010010100001000010001100110000011110000000000000000000011111111
010000000000111010001010100000011001000000000000000000011111111
010001111001000101001101011000100001000000000000000000011111111
010010001001001100001101011000011110000000000000000000011111111
010010001001001010001101011000100001000000000000000000011111111
010011110001001010001101110000100001000000000000000000011111111
010000010001000000001001100000011100000000000000000000011111111
010010001001000111001101000000100001000000000000000000011111111
010100001001010100010011001001000000000000000000000000011111111
010010100001000101010000010000110000000000000000000000011111111
010110101001001100010010111000110101000000000000000000011111111
010100001001001010010001111000101110000000000000000000011111111
010100110001001100010010100000111000000000000000000000011111111
011000010001001100010101000000110101000000000000000000011111111
001111101001000000001110011000101011000000000000000000011111111
010111010001001010010100001000101110000000000000000000011111111
010101011001000000010010100000101110000000000000000000011111111
010111000001011100010011100001000000000000000000000000011111111
010100110001010001010000010000110011000000000000000000011111111
010100011001000101010000111000110000000000000000000000011111111
010101110001001100010001100000110101000000000000000000011111111
010010001001000000010000000000110011000000000000000000011111111
010010100001000111010000010000111101000000000000000000011111111
010100011001010001010000111000111010000000000000000000011111111
010100110001001100010001100000101110000000000000000000011111111
011000101001100001010101011000111000000000000000000000011111111
011000101001000010010110000000111010000000000000000000011111111
010011001000111000010000000000100110000000000000000000011111111
010110000001010001010010001000111010000000000000000000011111111
010001111001000111001111101000110011000000000000000000011111111
011000101001000111010101011000110011000000000000000000011111111
010100001001000101001111101000101110000000000000000000011111111
010101011001010100010010001000110101000000000000000000011111111
010111000001010001010011001000101110000000000000000000011111111
010011110001000111001111010000101110000000000000000000011111111
010011100001001100001111101000101110000000000000000000011111111
010100011001000111010001111000110101000000000000000000011111111
010111000001001100010010100000101000000000000000000000011111111
010111101001000111010011100000110000000000000000000000011111111
011001010001100001010100011000110011000000000000000000011111111
010100011001000111010001111000111000000000000000000000011111111
010100001001000111010000010000100110000000000000000000011111111
010011100001000010010001111000100011000000000000000000011111111
011000101001001100010011100000111010000000000000000000011111111
010100001001010111010001111000111101000000000000000000011111111
010100011001001111010001100000101110000000000000000000011111111
010011001001001100001111010000101110000000000000000000011111111
010110000001001111010001010000110101000000000000000000011111111
010101011001001111010001111000111101000000000000000000011111111
010110000001001111010000010000111010000000000000000000011111111
010010100001000101010000010000110000000000000000000000011111111
010101110001010001010010111000111010000000000000000000011111111
010101011001010100010010001001000000000000000000000000011111111
010101011001001100010000101000111010000000000000000000011111111
010100001001000000010000000000110000000000000000000000011111111
010100110001001100010000101000110011000000000000000000011111111
010011110001010111010001010000111010000000000000000000011111111
010010111001001100010000010000101110000000000000000000011111111
