011111001010101110011100010011101011
010101110011000101000110111000101000
010100101011000101000110111000010100
010001110010101110000110000000010100
010111011010011101010010000001111010
011000010010101110010110010010111000
011011001010010001011010111010111000
010111011010100010010111101011110101
011001100010011101010110101010111000
010101110011000101000111111000010100
010110101010011101010011011010000101
011100010010111010010101110010001111
010011110010110100000110111000001010
011000010010011101010111101010100011
010111111010101110010111101010111000
010010101010110100000110111000010100
011110110010101110011110100011010110
010011011010101110000110011000011110
011001000011000101011001000011101011
010111011010011101010011000001100110
011011111010110100010110101010011001
010011000010111010000111011000010100
010100010010111111000110011000010100
011001111010110100011001100010111000
010111000011011101000111111000011110
010100101011011101001000110000101000
010110101010010001010010000001110000
011001100010111111011011110011111111
011001100010111111010101110010100011
011010101010101000010101010010000101
011000010001111111010010100001100110
011000101010010111011001111010001111
010100101011010111000110111000101000
010100101010111111000111111000110011
010100101011011101000111011000010100
010110010011110100000110011000010100
011001000010100010010110010010111000
011011100010101110011001100011010110
011001000001111111010100110010011001
010101011011010111000110111000010100
011001100010101000011001111010111000
011010010010101110011000000011001100
010011011011000101001000110000010100
011010010010100010010101010010011001
010111011010010111010010100001111010
010101000011101110000110111000001010
010111000010100010010011000010000101
011000101010101110010101010010001111
010101000011000101000110011000010100
011001111010100010011001111011100001
011001000010101000010011111010000101
010001110010101000000110011000010100
011011111010110100011001000011010110
011001111010100010011001111011010110
011001111010111010011000100011101011
011010010010101110011010111011100001
010100101011011101000110111000011110
010100101011001011000110011000011110
010110010010001011010001100001110000
010111000010010001010111001011001100
011000101010101110010110101010111000
011101100010101000011101001010111000
010011011010101110000110011000001010
011011001010111111011010011011010110
010011110010110100000110111000001010
011001100011000101011001111011110101
011011111010111010011010011011101011
010110101010101000010000101010000101
010011110010010001010100110010101110
010011011010110100000111011000010100
011011001010110100011001111011110101
010100010010101110000111011000010100
010100101010010001001101111001110000
010110010010010111010100011001111010
010011110010101110000110011000010100
011101001010111010011011110010111000
010001110010111010000110000000010100
010111000010010111010000001001100110
010101110011010111000110111000010100
011010101010101110010100011010001111
011001100010000101010100011010000101
011001100010010001010110101010011001
010110101010101110010011000010000101
010100010001110100010000001001100110
011001111010011101011000100011000010
010101110010101110010100110010011001
010100010010111010000101100000010100
010111000010100010010100110010000101
011011001010110100010101110010011001
010100010011000101000110111000010100
010001011010101110000101000000001010
011101001011010001011100010011111111
010111111010101110010011011010011001
011000101010101000010101110010001111
011111001011011101011111000011100001
010011011011000101000111011000010100
011000101010100010010101110001111010
010101000011001011000110111000010100
011011100010100010010110010010001111
011000101010100010010010100010000101
010100010011001011000111011000111101
011011100010111010011011010011101011
010101000010011101010010000010001111
010100010011001011000110000000011110
010111000010101000010011011010000101
011001111010111010010100110010011001
010100010010000101001111010001100110
011011001010101110011000000011101011
010101110011100010000111111000101000
011000010001111111010111001010011001
011111111011011101011101101011001100
010110010011001011000110000000010100
010010001010000101000110000000011110
011010010010101110011001100010111000
010110010010010001010010100010000101
010011110010001011001111010001100110
010110010010001011010001001001100110
011001100010010001010111001011000010
011111001010100010011111000011001100
010010101010111010000110011000010100
010010101011000101000110011000011110
011001111010101000010011111010000101
011011001010110100010100011010001111
010111011011101000000101100000010100
010010101011010001000100101000010100
011101111010100010011100010011000010
010111000010101110010011011001111010
010110010010000101010010100010000101
010111111010111010010110010010111000
010100010011010001000110011000010100
010110101010101110010100110010011001
011000010010101000010100110010011001
011011001010111111011010011011111111
011000010011000101010100110010100011
010100010011000101000111011000101000
011011111010110100010111101011101011
010110101010100010010110101011001100
011100110010101110011011010011010110
011010010010111010010111101011001100
011001100010100010010111101010011001
010101110011100010000110000000101000
010011000010111010000110000000010100
011111001010010111011111111011101011
010111011010011101010111101011000010
011011001010101110010111001010101110
010111011010011101010111101011000010
011101001010101110011010111010100011
010100101011001011000110011000010100
010111000011111111000110111000101000
010011110010110100000110111000001010
