000000000000000000011111111000000000
011111111000000000000000000000000000
011111111000000000000000000000000000
011111111000000000000000000000000000
000000000011111111000000000000000000
000000000000000000011111111000000000
000000000000000000011111111000000000
000000000000000000011111111000000000
000000000000000000011111111000000000
011111111000000000000000000000000000
000000000011111111000000000000000000
000000000011111111000000000000000000
011111111000000000000000000000000000
000000000011111111000000000000000000
000000000000000000011111111000000000
011111111000000000000000000000000000
000000000000000000011111111000000000
011111111000000000000000000000000000
000000000000000000011111111000000000
000000000011111111000000000000000000
000000000011111111000000000000000000
011111111000000000000000000000000000
011111111000000000000000000000000000
000000000000000000011111111000000000
011111111000000000000000000000000000
011111111000000000000000000000000000
000000000011111111000000000000000000
000000000000000000011111111000000000
000000000011111111000000000000000000
000000000011111111000000000000000000
000000000011111111000000000000000000
000000000000000000011111111000000000
011111111000000000000000000000000000
011111111000000000000000000000000000
011111111000000000000000000000000000
011111111000000000000000000000000000
000000000000000000011111111000000000
000000000000000000011111111000000000
000000000011111111000000000000000000
011111111000000000000000000000000000
000000000000000000011111111000000000
000000000000000000011111111000000000
011111111000000000000000000000000000
000000000011111111000000000000000000
000000000011111111000000000000000000
011111111000000000000000000000000000
000000000011111111000000000000000000
000000000011111111000000000000000000
011111111000000000000000000000000000
000000000000000000011111111000000000
000000000011111111000000000000000000
011111111000000000000000000000000000
000000000000000000011111111000000000
000000000000000000011111111000000000
000000000000000000011111111000000000
000000000000000000011111111000000000
011111111000000000000000000000000000
011111111000000000000000000000000000
000000000011111111000000000000000000
000000000000000000011111111000000000
000000000000000000011111111000000000
000000000000000000011111111000000000
011111111000000000000000000000000000
000000000000000000011111111000000000
011111111000000000000000000000000000
000000000000000000011111111000000000
000000000000000000011111111000000000
000000000011111111000000000000000000
000000000000000000011111111000000000
011111111000000000000000000000000000
000000000000000000011111111000000000
011111111000000000000000000000000000
000000000011111111000000000000000000
000000000011111111000000000000000000
011111111000000000000000000000000000
000000000000000000011111111000000000
011111111000000000000000000000000000
000000000011111111000000000000000000
011111111000000000000000000000000000
000000000011111111000000000000000000
000000000011111111000000000000000000
000000000011111111000000000000000000
000000000011111111000000000000000000
000000000011111111000000000000000000
000000000000000000011111111000000000
000000000011111111000000000000000000
011111111000000000000000000000000000
000000000011111111000000000000000000
000000000011111111000000000000000000
011111111000000000000000000000000000
011111111000000000000000000000000000
000000000000000000011111111000000000
000000000011111111000000000000000000
000000000011111111000000000000000000
000000000000000000011111111000000000
011111111000000000000000000000000000
000000000011111111000000000000000000
011111111000000000000000000000000000
000000000011111111000000000000000000
000000000011111111000000000000000000
011111111000000000000000000000000000
000000000000000000011111111000000000
000000000011111111000000000000000000
011111111000000000000000000000000000
000000000011111111000000000000000000
000000000011111111000000000000000000
000000000011111111000000000000000000
000000000000000000011111111000000000
011111111000000000000000000000000000
000000000000000000011111111000000000
000000000000000000011111111000000000
011111111000000000000000000000000000
011111111000000000000000000000000000
000000000000000000011111111000000000
000000000011111111000000000000000000
000000000011111111000000000000000000
000000000011111111000000000000000000
000000000000000000011111111000000000
000000000000000000011111111000000000
011111111000000000000000000000000000
011111111000000000000000000000000000
000000000011111111000000000000000000
000000000011111111000000000000000000
011111111000000000000000000000000000
011111111000000000000000000000000000
000000000000000000011111111000000000
000000000011111111000000000000000000
000000000011111111000000000000000000
000000000011111111000000000000000000
011111111000000000000000000000000000
000000000011111111000000000000000000
000000000011111111000000000000000000
000000000000000000011111111000000000
000000000011111111000000000000000000
011111111000000000000000000000000000
000000000000000000011111111000000000
000000000000000000011111111000000000
000000000000000000011111111000000000
000000000000000000011111111000000000
000000000000000000011111111000000000
011111111000000000000000000000000000
011111111000000000000000000000000000
000000000000000000011111111000000000
000000000000000000011111111000000000
000000000011111111000000000000000000
000000000000000000011111111000000000
000000000000000000011111111000000000
011111111000000000000000000000000000
011111111000000000000000000000000000
011111111000000000000000000000000000
